0123456789abcdef
















1111222233334444
        5555
    6666
  777788889999








 778888
 7 8  8
 7 8  8
 744555566
 74 5  5 6
  4 5  5 6
  42222336
  42  2 36
   2  2 3
    11113
    1  13
    1  1










 223333  666677
 2 3  3  6  6 7
 2 3  3  6  6 7
 2   44  55   7
 2    4  5    7
 1111 4  5 8888
 1  1 4  5 8  8
 1  1 4  5 8  8













        
   7778888
   7  8  8
   7  8  8
   1115555
   1 22444
   1 233 4
     2 3 4
     2 3
     2 3
       3










9999888877777
11222   755555
1   23344445666
1   23        6
1    3        6
1    3
     3













   6662255544
   6   25   4
   6   25   4
   1111233334
   1  123  34
   1  123  34














88899997777aaa66
  89  97  7  a 6
  89  97  7  a 6
11122223333444 6
  12  23  34 556
  12  23  34  5
              5
              5
              5






    66677
    65557
    6  57
    44457
    43337
    4  3
    2223
    2111
    2  1
       1







444446666677777
3333455555888 7
1111122   8
  1  2    8
     2
     2
     2













    44444
    33334
    2222
    2  2
    2  2
    1111
    1  1
    1  1 
















    44444
    43333 
    22222
    11112
        2
